62.46
62.47
62.49
62.50
62.56
62.61
62.63
62.65
62.66
62.67
62.68
62.69
62.70
62.73
62.74
62.77
62.79
62.81
62.82
62.83
62.84
62.86
62.87
62.90
62.91
62.93
62.94
62.95
62.97
62.98
63.00
63.02
63.03
63.05
63.07
63.09
63.10
63.11
63.13
63.15
63.17
63.18
63.21
63.27
63.32
63.33
63.35
63.38
63.41
63.44
63.48
63.51
63.53
63.55
63.59
63.60
63.64
63.65
63.66
63.67
63.68
63.69
63.70
63.71
63.72
63.73
63.75
63.77
63.79
63.80
63.81
63.82
63.83
63.84
63.85
63.88
63.89
63.90
63.92
63.93
63.95
63.97
63.98
64.00
64.02
64.03
64.05
64.07
64.11
64.12
64.14
64.17
64.19
64.21
64.24
64.29
64.30
64.34
64.36
64.38
64.40
64.43
64.44
64.47
64.48
64.50
64.58
64.59
64.62
64.65
64.66
64.67
64.68
64.69
64.70
64.71
64.72
64.73
64.74
64.75
64.76
64.77
64.78
64.79
64.80
64.81
64.82
64.83
64.84
64.85
64.88
64.90
64.91
64.93
64.95
64.96
64.98
65.00
65.02
65.03
65.05
65.07
65.08
65.10
65.12
65.16
65.17
65.19
65.25
65.31
65.33
65.36
65.39
65.42
65.44
65.45
65.49
65.52
65.56
65.62
65.65
65.67
65.68
65.69
65.71
65.72
65.73
65.74
65.75
65.76
65.77
65.78
65.79
65.80
65.82
65.83
65.84
65.86
65.87
65.88
65.89
65.90
65.93
65.94
65.97
65.98
66.00
66.02
66.05
66.07
66.08
66.12
66.15
66.16
66.18
66.20
66.21
66.25
66.29
66.30
66.32
66.33
66.35
66.37
66.38
66.41
66.44
66.50
66.55
66.67
66.68
66.69
66.70
66.71
66.72
66.73
66.74
66.75
66.76
66.77
66.78
66.80
66.81
66.84
66.85
66.86
66.87
66.88
66.89
66.90
66.91
66.93
66.94
66.96
67.00
67.02
67.03
67.05
67.08
67.10
67.12
67.14
67.17
67.20
67.22
67.24
67.25
67.27
67.32
67.35
67.37
67.40
67.43
67.47
67.50
67.53
67.56
67.57
67.64
67.65
67.68
67.69
67.71
67.72
67.73
67.74
67.75
67.76
67.77
67.78
67.79
67.80
67.82
67.83
67.84
67.85
67.86
67.88
67.89
67.92
67.93
67.94
67.95
67.96
67.97
67.99
68.00
68.02
68.05
68.06
68.08
68.13
68.16
68.20
68.22
68.25
68.26
68.28
68.29
68.31
68.34
68.36
68.37
68.40
68.42
68.46
68.49
68.52
68.54
68.57
68.62
68.63
68.64
68.69
68.70
68.71
68.72
68.73
68.74
68.75
68.76
68.77
68.78
68.79
68.80
68.81
68.82
68.83
68.84
68.85
68.86
68.87
68.91
68.94
68.96
68.97
69.00
69.01
69.03
69.05
69.06
69.08
69.09
69.10
69.13
69.14
69.15
69.16
69.17
69.19
69.23
69.24
69.26
69.30
69.31
69.33
69.39
69.45
69.47
69.51
69.58
69.60
69.62
69.64
69.66
69.68
69.70
69.71
69.73
69.74
69.75
69.76
69.77
69.78
69.79
69.80
69.81
69.82
69.84
69.85
69.86
69.87
69.88
69.89
69.90
69.91
69.92
69.93
69.94
69.95
69.96
69.97
70.00
70.01
70.03
70.05
70.08
70.13
70.15
70.17
70.19
70.21
70.23
70.25
70.27
70.30
70.35
70.40
70.41
70.43
70.47
70.50
70.52
70.53
70.62
70.71
70.72
70.73
70.74
70.76
70.77
70.78
70.79
70.80
70.82
70.83
70.84
70.85
70.86
70.88
70.89
70.90
70.91
70.92
70.93
70.94
70.95
70.96
70.97
70.99
71.00
71.01
71.04
71.08
71.09
71.11
71.13
71.17
71.19
71.21
71.23
71.25
71.30
71.32
71.35
71.38
71.40
71.43
71.46
71.49
71.50
71.56
71.58
71.59
71.63
71.65
71.67
71.72
71.73
71.75
71.76
71.77
71.78
71.79
71.80
71.82
71.83
71.84
71.85
71.87
71.88
71.89
71.90
71.93
71.94
71.95
71.96
72.00
72.03
72.04
72.06
72.09
72.11
72.13
72.14
72.15
72.18
72.20
72.22
72.25
72.26
72.27
72.29
72.31
72.34
72.39
72.41
72.42
72.45
72.48
72.50
72.51
72.58
72.59
72.60
72.61
72.63
72.69
72.73
72.74
72.75
72.76
72.77
72.78
72.79
72.80
72.81
72.82
72.83
72.84
72.85
72.86
72.87
72.88
72.90
72.91
72.92
72.95
72.97
72.99
73.00
73.03
73.04
73.06
73.07
73.09
73.11
73.12
73.14
73.15
73.16
73.18
73.20
73.22
73.24
73.29
73.31
73.33
73.36
73.37
73.38
73.44
73.50
73.54
73.60
73.63
73.64
73.67
73.70
73.71
73.74
73.75
73.76
73.77
73.78
73.79
73.80
73.81
73.83
73.84
73.85
73.86
73.88
73.89
73.91
73.93
73.94
73.95
73.96
74.00
74.06
74.07
74.09
74.11
74.12
74.18
74.20
74.23
74.24
74.25
74.28
74.29
74.32
74.33
74.35
74.38
74.40
74.43
74.44
74.46
74.49
74.52
74.55
74.62
74.66
74.67
74.70
74.74
74.75
74.76
74.77
74.78
74.79
74.80
74.82
74.83
74.84
74.85
74.86
74.87
74.88
74.90
74.91
74.92
74.94
74.96
74.97
74.99
75.00
75.04
75.06
75.09
75.10
75.13
75.16
75.17
75.18
75.19
75.21
75.23
75.25
75.27
75.28
75.35
75.38
75.40
75.42
75.43
75.45
75.48
75.51
75.52
75.54
75.60
75.61
75.64
75.68
75.70
75.72
75.73
75.76
75.77
75.78
75.79
75.81
75.82
75.83
75.84
75.85
75.87
75.88
75.89
75.90
75.91
75.94
75.95
75.96
75.99
76.00
76.03
76.04
76.06
76.07
76.10
76.14
76.15
76.17
76.24
76.25
76.27
76.31
76.32
76.34
76.36
76.39
76.42
76.44
76.46
76.47
76.48
76.50
76.53
76.55
76.56
76.60
76.63
76.65
76.67
76.70
76.74
76.77
76.78
76.79
76.80
76.83
76.84
76.85
76.88
76.89
76.92
76.94
76.95
76.96
76.97
77.00
77.06
77.09
77.10
77.13
77.17
77.19
77.22
77.23
77.27
77.29
77.31
77.33
77.34
77.36
77.38
77.42
77.43
77.45
77.46
77.49
77.50
77.52
77.54
77.55
77.56
77.58
77.59
77.62
77.68
77.70
77.71
77.79
77.81
77.82
77.83
77.85
77.86
77.87
77.88
77.89
77.91
77.92
77.94
77.95
77.96
77.97
77.99
78.00
78.04
78.05
78.08
78.10
78.11
78.12
78.13
78.17
78.18
78.20
78.21
78.22
78.24
78.26
78.28
78.30
78.35
78.38
78.40
78.41
78.45
78.51
78.53
78.57
78.62
78.64
78.71
78.75
78.79
78.81
78.83
78.85
78.86
78.88
78.91
78.92
78.93
78.94
78.95
78.96
78.97
79.00
79.01
79.03
79.04
79.07
79.08
79.11
79.14
79.15
79.16
79.17
79.20
79.22
79.24
79.26
79.28
79.29
79.30
79.33
79.34
79.37
79.39
79.41
79.44
79.45
79.47
79.48
79.50
79.53
79.56
79.59
79.62
79.64
79.66
79.69
79.73
79.75
79.80
79.81
79.82
79.83
79.84
79.85
79.86
79.87
79.88
79.89
79.90
79.91
79.92
79.93
79.94
79.95
79.96
79.98
79.99
80.00
80.03
80.04
80.05
80.07
80.08
80.11
80.16
80.17
80.18
80.21
80.22
80.23
80.25
80.27
80.29
80.30
80.32
80.34
80.35
80.36
80.39
80.40
80.41
80.44
80.46
80.47
80.50
80.52
80.55
80.58
80.60
80.61
80.65
80.67
80.68
80.69
80.72
80.73
80.75
80.76
80.77
80.84
80.85
80.88
80.89
80.93
80.97
81.00
81.05
81.07
81.12
81.14
81.19
81.25
81.26
81.28
81.32
81.39
81.40
81.43
81.53
81.55
81.67
81.71
81.72
81.82
81.85
81.90
81.93
82.00
82.04
82.11
82.13
82.16
82.29
82.33
82.43
82.50
82.59
82.67
82.76
82.80
82.83
82.88
82.91
82.92
82.95
83.25
83.33
83.39
83.60
83.65
84.00
84.27
84.38
84.44
84.50
84.57
84.64
84.70
85.00
85.08
85.09
85.20
85.33
85.50
85.80
86.00
86.25
86.40
86.62
86.67
87.00
87.50
87.78
88.00
88.67
88.75
88.80
88.88
89.33
89.83
90.00
90.67
91.00
91.20
91.25
91.50
92.00
92.17
92.50
93.00
93.60
93.75
94.00
94.50
94.80
95.00
96.00
96.25
97.50
98.67
98.75